-38.0 927.0 153.0 153.0 FULL_BLOCK
-38.0 774.0 153.0 153.0 FULL_TOP_BLOCK
115.0 927.0 153.0 153.0 FULL_BLOCK
115.0 774.0 153.0 153.0 FULL_TOP_BLOCK
268.0 927.0 153.0 153.0 FULL_BLOCK
268.0 774.0 153.0 153.0 FULL_TOP_BLOCK
421.0 927.0 153.0 153.0 FULL_BLOCK
421.0 774.0 153.0 153.0 FULL_TOP_BLOCK
574.0 927.0 153.0 153.0 FULL_BLOCK
574.0 774.0 153.0 153.0 FULL_TOP_BLOCK
727.0 927.0 153.0 153.0 FULL_BLOCK
727.0 774.0 153.0 153.0 FULL_TOP_BLOCK
880.0 927.0 153.0 153.0 FULL_BLOCK
880.0 774.0 153.0 153.0 FULL_TOP_BLOCK
1033.0 927.0 153.0 152.0 SPIKE
1186.0 927.0 153.0 152.0 SPIKE
1339.0 927.0 153.0 152.0 SPIKE
1492.0 927.0 153.0 152.0 SPIKE
1645.0 927.0 153.0 152.0 SPIKE
1798.0 927.0 153.0 152.0 SPIKE
1951.0 927.0 153.0 152.0 SPIKE
2104.0 927.0 153.0 152.0 SPIKE
2257.0 927.0 153.0 152.0 SPIKE
2410.0 927.0 153.0 152.0 SPIKE
2563.0 927.0 153.0 153.0 FULL_BLOCK
2563.0 774.0 153.0 153.0 FULL_TOP_BLOCK
2716.0 927.0 153.0 153.0 FULL_BLOCK
2716.0 774.0 153.0 153.0 FULL_TOP_BLOCK
2869.0 927.0 153.0 153.0 FULL_BLOCK
2869.0 774.0 153.0 153.0 FULL_BLOCK
3022.0 927.0 153.0 153.0 FULL_BLOCK
3022.0 774.0 153.0 153.0 FULL_BLOCK
3175.0 927.0 153.0 153.0 FULL_BLOCK
3175.0 774.0 153.0 153.0 FULL_BLOCK
3328.0 927.0 153.0 153.0 FULL_BLOCK
3328.0 774.0 153.0 153.0 FULL_BLOCK
3481.0 927.0 153.0 153.0 FULL_BLOCK
3481.0 774.0 153.0 153.0 FULL_BLOCK
3634.0 927.0 153.0 153.0 FULL_BLOCK
3633.0 774.0 153.0 153.0 FULL_BLOCK
3787.0 927.0 153.0 153.0 FULL_BLOCK
3786.0 774.0 153.0 153.0 FULL_BLOCK
1808.0 773.0 153.0 152.0 HALF_TOP_BLOCK
1960.0 773.0 153.0 152.0 MOVING_PLATFORM
1033.0 774.0 153.0 152.0 MOVING_PLATFORM
2868.0 621.0 153.0 153.0 FULL_TOP_BLOCK
3021.0 621.0 153.0 153.0 FULL_BLOCK
3021.0 468.0 153.0 153.0 FULL_TOP_BLOCK
3174.0 468.0 153.0 153.0 FULL_BLOCK
3174.0 315.0 153.0 153.0 FULL_TOP_BLOCK
3327.0 315.0 153.0 153.0 FULL_TOP_BLOCK
3480.0 315.0 153.0 153.0 FULL_TOP_BLOCK
3633.0 315.0 153.0 153.0 FULL_TOP_BLOCK
3786.0 315.0 153.0 153.0 FULL_TOP_BLOCK
3684.0 162.0 153.0 153.0 DOOR_LOCKED
3174.0 621.0 153.0 153.0 FULL_BLOCK
3327.0 468.0 153.0 153.0 FULL_BLOCK
3480.0 468.0 153.0 153.0 FULL_BLOCK
3633.0 468.0 153.0 153.0 FULL_BLOCK
3786.0 468.0 153.0 153.0 FULL_BLOCK
3327.0 621.0 153.0 153.0 FULL_BLOCK
3480.0 621.0 153.0 153.0 FULL_BLOCK
3633.0 621.0 153.0 153.0 FULL_BLOCK
3786.0 621.0 153.0 153.0 FULL_BLOCK
248.0 675.0 99.0 99.0 FIRE_BARREL
3473.0 169.0 153.0 153.0 UPGRADE_TERMINAL
