-38.0 927.0 153.0 153.0 FULL_BLOCK
-38.0 774.0 153.0 153.0 FULL_TOP_BLOCK
115.0 927.0 153.0 153.0 FULL_BLOCK
115.0 774.0 153.0 153.0 FULL_TOP_BLOCK
268.0 927.0 153.0 153.0 FULL_BLOCK
268.0 774.0 153.0 153.0 FULL_TOP_BLOCK
421.0 774.0 153.0 153.0 ACID_TOP
574.0 774.0 153.0 153.0 ACID_TOP
727.0 774.0 153.0 153.0 ACID_TOP
880.0 927.0 153.0 153.0 FULL_BLOCK
880.0 774.0 153.0 153.0 FULL_TOP_BLOCK
1033.0 927.0 153.0 153.0 FULL_BLOCK
1033.0 774.0 153.0 153.0 FULL_TOP_BLOCK
1186.0 927.0 153.0 153.0 FULL_BLOCK
1186.0 774.0 153.0 153.0 FULL_TOP_BLOCK
1339.0 927.0 153.0 153.0 FULL_BLOCK
1339.0 774.0 153.0 153.0 FULL_TOP_BLOCK
1492.0 927.0 153.0 153.0 FULL_BLOCK
1492.0 774.0 153.0 153.0 FULL_BLOCK
1645.0 927.0 153.0 153.0 FULL_BLOCK
1645.0 774.0 153.0 153.0 FULL_TOP_BLOCK
1798.0 927.0 153.0 153.0 FULL_BLOCK
1798.0 774.0 153.0 153.0 FULL_TOP_BLOCK
1951.0 927.0 153.0 153.0 FULL_BLOCK
1951.0 774.0 153.0 153.0 FULL_TOP_BLOCK
2104.0 927.0 153.0 153.0 FULL_BLOCK
2104.0 774.0 153.0 153.0 FULL_TOP_BLOCK
2410.0 927.0 153.0 153.0 FULL_BLOCK
2257.0 774.0 153.0 153.0 FULL_TOP_BLOCK
2257.0 927.0 153.0 153.0 FULL_BLOCK
2410.0 774.0 153.0 153.0 FULL_TOP_BLOCK
2563.0 927.0 153.0 153.0 FULL_BLOCK
2563.0 774.0 153.0 153.0 FULL_TOP_BLOCK
2716.0 927.0 153.0 153.0 FULL_BLOCK
2716.0 774.0 153.0 153.0 FULL_TOP_BLOCK
2869.0 927.0 153.0 153.0 FULL_BLOCK
2869.0 774.0 153.0 153.0 FULL_BLOCK
3022.0 927.0 153.0 153.0 FULL_BLOCK
3022.0 774.0 153.0 153.0 FULL_BLOCK
3175.0 927.0 153.0 153.0 FULL_BLOCK
3176.0 775.0 153.0 152.0 SPIKE
3328.0 927.0 153.0 153.0 FULL_BLOCK
3329.0 774.0 153.0 153.0 FULL_BLOCK
3481.0 927.0 153.0 153.0 FULL_BLOCK
3481.0 774.0 153.0 153.0 FULL_BLOCK
3634.0 927.0 153.0 153.0 FULL_BLOCK
3634.0 774.0 153.0 153.0 FULL_BLOCK
3787.0 927.0 153.0 153.0 FULL_BLOCK
3787.0 774.0 153.0 153.0 FULL_BLOCK
590.0 616.0 153.0 152.0 HALF_TOP_BLOCK
880.0 622.0 153.0 152.0 SPIKE
1492.0 621.0 153.0 153.0 FULL_BLOCK
1492.0 468.0 153.0 153.0 FULL_TOP_BLOCK
1211.0 588.0 153.0 152.0 HALF_TOP_BLOCK
1645.0 468.0 153.0 153.0 FULL_TOP_BLOCK
1798.0 468.0 153.0 153.0 FULL_TOP_BLOCK
1951.0 468.0 153.0 153.0 FULL_TOP_BLOCK
2104.0 468.0 153.0 153.0 FULL_TOP_BLOCK
2257.0 468.0 153.0 153.0 FULL_TOP_BLOCK
2410.0 468.0 153.0 153.0 FULL_TOP_BLOCK
1950.0 315.0 153.0 152.0 SPIKE
2869.0 621.0 153.0 153.0 FULL_TOP_BLOCK
3022.0 621.0 153.0 153.0 FULL_BLOCK
3329.0 621.0 153.0 153.0 FULL_BLOCK
3022.0 468.0 153.0 153.0 FULL_TOP_BLOCK
3329.0 468.0 153.0 153.0 FULL_TOP_BLOCK
3482.0 621.0 153.0 153.0 FULL_BLOCK
3482.0 468.0 153.0 153.0 FULL_TOP_BLOCK
3638.0 314.0 153.0 153.0 DOOR_LOCKED
3635.0 468.0 153.0 153.0 FULL_TOP_BLOCK
3635.0 621.0 153.0 153.0 FULL_BLOCK
3788.0 621.0 153.0 153.0 FULL_BLOCK
3788.0 468.0 153.0 153.0 FULL_TOP_BLOCK
421.0 927.0 153.0 153.0 ACID_FULL
574.0 927.0 153.0 153.0 ACID_FULL
727.0 927.0 153.0 153.0 ACID_FULL
3419.0 321.0 153.0 153.0 UPGRADE_TERMINAL
