-38.0 927.0 153.0 153.0 FULL_BLOCK
-38.0 774.0 153.0 153.0 FULL_TOP_BLOCK
115.0 927.0 153.0 153.0 FULL_BLOCK
115.0 774.0 153.0 153.0 FULL_TOP_BLOCK
268.0 927.0 153.0 153.0 FULL_BLOCK
268.0 774.0 153.0 153.0 FULL_TOP_BLOCK
421.0 927.0 153.0 153.0 FULL_BLOCK
421.0 774.0 153.0 153.0 FULL_TOP_BLOCK
574.0 927.0 153.0 153.0 FULL_BLOCK
574.0 774.0 153.0 153.0 FULL_TOP_BLOCK
727.0 927.0 153.0 153.0 FULL_BLOCK
727.0 774.0 153.0 153.0 FULL_TOP_BLOCK
880.0 927.0 153.0 153.0 FULL_BLOCK
880.0 774.0 153.0 153.0 FULL_TOP_BLOCK
1033.0 927.0 153.0 153.0 FULL_BLOCK
1033.0 774.0 153.0 153.0 FULL_TOP_BLOCK
1186.0 927.0 153.0 153.0 FULL_BLOCK
1186.0 774.0 153.0 153.0 FULL_TOP_BLOCK
1339.0 927.0 153.0 153.0 FULL_BLOCK
1339.0 774.0 153.0 153.0 FULL_BLOCK
1492.0 927.0 153.0 153.0 FULL_BLOCK
1492.0 774.0 153.0 153.0 FULL_BLOCK
1645.0 927.0 153.0 153.0 FULL_BLOCK
1645.0 774.0 153.0 153.0 FULL_BLOCK
1798.0 927.0 153.0 153.0 FULL_BLOCK
1798.0 774.0 153.0 153.0 FULL_BLOCK
1951.0 927.0 153.0 152.0 SPIKE
2104.0 927.0 153.0 152.0 SPIKE
2257.0 927.0 153.0 152.0 SPIKE
2410.0 927.0 153.0 152.0 SPIKE
2563.0 927.0 153.0 152.0 SPIKE
2716.0 927.0 153.0 152.0 SPIKE
2869.0 927.0 153.0 152.0 SPIKE
3022.0 927.0 153.0 152.0 SPIKE
3175.0 927.0 153.0 152.0 SPIKE
3328.0 927.0 153.0 152.0 SPIKE
3481.0 927.0 153.0 153.0 FULL_BLOCK
3481.0 774.0 153.0 153.0 FULL_TOP_BLOCK
3634.0 927.0 153.0 153.0 FULL_BLOCK
3634.0 774.0 153.0 153.0 FULL_TOP_BLOCK
3787.0 927.0 153.0 153.0 FULL_BLOCK
3787.0 774.0 153.0 153.0 FULL_TOP_BLOCK
728.0 653.0 153.0 152.0 HALF_TOP_BLOCK
881.0 653.0 153.0 152.0 HALF_TOP_BLOCK
1339.0 621.0 153.0 153.0 FULL_TOP_BLOCK
1492.0 621.0 153.0 153.0 FULL_BLOCK
1645.0 621.0 153.0 153.0 FULL_BLOCK
1798.0 621.0 153.0 153.0 FULL_BLOCK
1492.0 468.0 153.0 153.0 FULL_TOP_BLOCK
1645.0 468.0 153.0 153.0 FULL_BLOCK
1798.0 468.0 153.0 153.0 FULL_BLOCK
1645.0 315.0 153.0 153.0 FULL_TOP_BLOCK
1798.0 315.0 153.0 153.0 FULL_TOP_BLOCK
1951.0 315.0 153.0 152.0 MOVING_PLATFORM
3288.0 315.0 153.0 153.0 FULL_BLOCK
3288.0 162.0 153.0 153.0 FULL_BLOCK
3288.0 9.0 153.0 153.0 FULL_BLOCK
2410.0 774.0 153.0 152.0 MOVING_PLATFORM
923.0 553.0 100.0 100.0 FIRE_BARREL
2257.0 774.0 153.0 153.0 FULL_TOP_BLOCK
2104.0 774.0 153.0 153.0 FULL_TOP_BLOCK
1951.0 774.0 153.0 153.0 FULL_TOP_BLOCK
1951.0 621.0 153.0 152.0 SPIKE
2104.0 621.0 153.0 152.0 SPIKE
2256.0 621.0 153.0 152.0 SPIKE
3288.0 -144.0 153.0 153.0 FULL_BLOCK
3135.0 315.0 153.0 152.0 HALF_TOP_BLOCK
3693.0 621.0 153.0 153.0 DOOR_LOCKED
3328.0 774.0 153.0 152.0 HALF_TOP_BLOCK
3485.0 629.0 153.0 153.0 UPGRADE_TERMINAL
