-38.0 927.0 153.0 153.0 FULL_BLOCK
-38.0 774.0 153.0 153.0 FULL_TOP_BLOCK
115.0 927.0 153.0 153.0 FULL_BLOCK
115.0 774.0 153.0 153.0 FULL_TOP_BLOCK
268.0 927.0 153.0 153.0 FULL_BLOCK
268.0 774.0 153.0 153.0 FULL_TOP_BLOCK
421.0 927.0 153.0 153.0 FULL_BLOCK
421.0 774.0 153.0 153.0 FULL_TOP_BLOCK
574.0 927.0 153.0 153.0 ACID_FULL
574.0 774.0 153.0 153.0 ACID_TOP
727.0 774.0 153.0 153.0 ACID_TOP
880.0 927.0 153.0 153.0 FULL_BLOCK
880.0 774.0 153.0 153.0 FULL_BLOCK
1033.0 927.0 153.0 153.0 FULL_BLOCK
1033.0 774.0 153.0 153.0 FULL_BLOCK
1186.0 927.0 153.0 153.0 FULL_BLOCK
1186.0 774.0 153.0 153.0 FULL_BLOCK
1339.0 927.0 153.0 153.0 FULL_BLOCK
1339.0 774.0 153.0 153.0 FULL_BLOCK
1492.0 927.0 153.0 153.0 FULL_BLOCK
1492.0 774.0 153.0 153.0 FULL_BLOCK
1645.0 927.0 153.0 153.0 FULL_BLOCK
1645.0 774.0 153.0 153.0 FULL_BLOCK
1798.0 927.0 153.0 153.0 FULL_BLOCK
1798.0 774.0 153.0 153.0 FULL_BLOCK
1951.0 927.0 153.0 153.0 FULL_BLOCK
1951.0 774.0 153.0 153.0 FULL_TOP_BLOCK
2104.0 927.0 153.0 153.0 FULL_BLOCK
2104.0 774.0 153.0 153.0 FULL_TOP_BLOCK
2257.0 927.0 153.0 153.0 FULL_BLOCK
2257.0 774.0 153.0 153.0 FULL_TOP_BLOCK
2410.0 927.0 153.0 153.0 FULL_BLOCK
2410.0 774.0 153.0 153.0 FULL_TOP_BLOCK
2563.0 927.0 153.0 153.0 FULL_BLOCK
2563.0 774.0 153.0 153.0 FULL_TOP_BLOCK
2716.0 927.0 153.0 153.0 FULL_BLOCK
2716.0 774.0 153.0 153.0 FULL_TOP_BLOCK
2869.0 927.0 153.0 153.0 FULL_BLOCK
2869.0 774.0 153.0 153.0 FULL_TOP_BLOCK
3022.0 927.0 153.0 153.0 FULL_BLOCK
3022.0 774.0 153.0 153.0 FULL_TOP_BLOCK
3175.0 927.0 153.0 153.0 FULL_BLOCK
3328.0 927.0 153.0 153.0 FULL_BLOCK
3328.0 774.0 153.0 153.0 FULL_TOP_BLOCK
3481.0 927.0 153.0 153.0 FULL_BLOCK
3481.0 774.0 153.0 153.0 FULL_TOP_BLOCK
3634.0 927.0 153.0 153.0 FULL_BLOCK
3634.0 774.0 153.0 153.0 FULL_TOP_BLOCK
3787.0 927.0 153.0 153.0 FULL_BLOCK
3787.0 774.0 153.0 153.0 FULL_TOP_BLOCK
880.0 621.0 153.0 153.0 FULL_TOP_BLOCK
1033.0 621.0 153.0 153.0 FULL_TOP_BLOCK
267.0 415.0 153.0 152.0 FULL_BLOCK
114.0 415.0 153.0 152.0 FULL_BLOCK
-39.0 415.0 153.0 152.0 FULL_BLOCK
1186.0 621.0 153.0 153.0 FULL_TOP_BLOCK
1338.0 621.0 153.0 152.0 SPIKE
1489.0 621.0 153.0 152.0 SPIKE
1642.0 621.0 153.0 153.0 FULL_BLOCK
420.0 262.0 153.0 153.0 FULL_BLOCK
267.0 262.0 153.0 153.0 FULL_BLOCK
114.0 262.0 153.0 153.0 FULL_BLOCK
-39.0 262.0 153.0 153.0 FULL_BLOCK
420.0 109.0 153.0 153.0 FULL_BLOCK
420.0 -44.0 153.0 153.0 FULL_BLOCK
267.0 -44.0 153.0 153.0 FULL_BLOCK
114.0 -44.0 153.0 153.0 FULL_BLOCK
-39.0 -44.0 153.0 153.0 FULL_BLOCK
-39.0 109.0 153.0 153.0 FULL_BLOCK
267.0 109.0 153.0 153.0 FULL_BLOCK
114.0 109.0 153.0 153.0 FULL_BLOCK
1642.0 468.0 153.0 153.0 FULL_TOP_BLOCK
1795.0 468.0 153.0 153.0 FULL_TOP_BLOCK
1795.0 621.0 153.0 153.0 FULL_BLOCK
1948.0 468.0 153.0 153.0 FULL_BLOCK
2101.0 468.0 153.0 153.0 FULL_TOP_BLOCK
2254.0 393.0 153.0 152.0 HALF_TOP_BLOCK
2407.0 468.0 153.0 153.0 FULL_TOP_BLOCK
2560.0 468.0 153.0 153.0 FULL_BLOCK
2713.0 468.0 153.0 153.0 FULL_TOP_BLOCK
2866.0 468.0 153.0 153.0 FULL_TOP_BLOCK
3687.0 468.0 153.0 153.0 FULL_TOP_BLOCK
3686.0 314.0 153.0 153.0 DOOR_LOCKED
1948.0 393.0 153.0 152.0 HALF_TOP_BLOCK
2254.0 468.0 153.0 153.0 FULL_BLOCK
2407.0 316.0 153.0 152.0 SPIKE
2715.0 316.0 153.0 152.0 SPIKE
2560.0 393.0 153.0 152.0 HALF_TOP_BLOCK
2875.0 330.0 138.0 138.0 BOX
420.0 415.0 153.0 152.0 FULL_BLOCK
727.0 927.0 153.0 153.0 ACID_FULL
3534.0 468.0 153.0 152.0 FULL_TOP_BLOCK
3381.0 516.0 153.0 152.0 HALF_TOP_BLOCK
3145.0 672.0 105.0 104.0 BOX
3175.0 774.0 153.0 153.0 FULL_TOP_BLOCK
3333.0 666.0 107.0 107.0 FIRE_BARREL
3528.0 323.0 153.0 153.0 UPGRADE_TERMINAL
2101.0 316.0 153.0 152.0 SPIKE
